0 7985
1 7995
2 8005
3 8015
4 8025
5 8035
6 8045
7 8055
8 8065
9 8075
10 8085
11 8095
12 8105
13 8115
14 8125
15 8135
16 8145
17 8155
18 8165
19 8175
20 8185
21 8195
22 8205
23 8215
24 8225
25 8235
26 8245
27 8255
28 8265
29 8275
30 8285
31 8295
32 8305
33 8315
34 8325
35 8335
36 8345
37 8355
38 8365
39 8375
40 8385
41 8395
42 8405
43 8415
44 8425
45 8435
46 8445
47 8455
48 8465
49 8475
50 8485
51 8495
52 8505
53 8515
54 8525
55 8535
56 8545
57 8555
58 8565
59 8575
60 8585
61 8595
62 8605
63 8615
64 8625
65 8635
66 8645
67 8655
68 8665
69 8675
70 8685
71 8695
72 8705
73 8715
74 8725
75 8735
76 8745
77 8755
78 8765
79 8775
80 8785
81 8795
82 8805
83 8815
84 8825
85 8835
86 8845
87 8855
88 8865
89 8875
90 8885
91 8895
92 8905
93 8915
94 8925
95 8935
96 8945
97 8955
98 8965
99 8975
100 8985
101 8995
102 9005
103 9015
104 9025
105 9035
106 9045
107 9055
108 9065
109 9075
110 9085
111 9095
112 9105
113 9115
114 9125
115 9135
116 9145
117 9155
118 9165
119 9175
120 9185
121 9195
122 9205
123 9215
124 9225
125 9235
126 9245
127 9255
128 9265
129 9275
130 9285
131 9295
132 9305
133 9315
134 9325
135 9335
136 9345
137 9355
138 9365
139 9375
140 9385
141 9395
142 9405
143 9415
144 9425
145 9435
146 9445
147 9455
148 9465
149 9475
150 9485
151 9495
152 9505
153 9515
154 9525
155 9535
156 9545
157 9555
158 9565
159 9575
160 9585
161 9595
162 9605
163 9615
164 9625
165 9635
166 9645
167 9655
168 9665
169 9675
170 9685
171 9695
172 9705
173 9715
174 9725
175 9735
176 9745
177 9755
178 9765
179 9775
180 9785
181 9795
182 9805
183 9815
184 9825
185 9835
186 9845
187 9855
188 9865
189 9875
190 9885
191 9895
192 9905
193 9915
194 9925
195 9935
196 9945
197 9955
198 9965
199 9975
200 9985
201 9995
202 10005
203 10015
204 10025
205 10035
206 10045
207 10055
208 10065
209 10075
210 10085
211 10095
212 10105
213 10115
214 10125
215 10135
216 10145
217 10155
218 10165
219 10175
220 10185
221 10195
222 10205
223 10215
224 10225
225 10235
226 10245
227 10255
228 10265
229 10275
230 10285
231 10295
232 10305
233 10315
234 10325
235 10335
236 10345
237 10355
238 10365
239 10375
240 10385
241 10395
242 10405
243 10415
244 10425
245 10435
246 10445
247 10455
248 10465
249 10475
250 10485
251 10495
252 10505
253 10515
254 10525
255 10535
256 10545
257 10555
258 10565
259 10575
260 10585
261 10595
262 10605
263 10615
264 10625
265 10635
266 10645
267 10655
268 10665
269 10675
270 10685
271 10695
272 10705
273 10715
274 10725
275 10735
276 10745
277 10755
278 10765
279 10775
280 10785
281 10795
282 10805
283 10815
284 10825
285 10835
286 10845
287 10855
288 10865
289 10875
290 10885
291 10895
292 10905
293 10915
294 10925
295 10935
296 10945
297 10955
298 10965
299 10975
300 10985
301 10995
302 11005
303 11015
304 11025
305 11035
306 11045
307 11055
308 11065
309 11075
310 11085
311 11095
312 11105
313 11115
314 11125
315 11135
316 11145
317 11155
318 11165
319 11175
320 11185
321 11195
322 11205
323 11215
324 11225
325 11235
326 11245
327 11255
328 11265
329 11275
330 11285
331 11295
332 11305
333 11315
334 11325
335 11335
336 11345
337 11355
338 11365
339 11375
340 11385
341 11395
342 11405
343 11415
344 11425
345 11435
346 11445
347 11455
348 11465
349 11475
350 11485
351 11495
352 11505
353 11515
354 11525
355 11535
356 11545
357 11555
358 11565
359 11575
360 11585
361 11595
362 11605
363 11615
364 11625
365 11635
366 11645
367 11655
368 11665
369 11675
370 11685
371 11695
372 11705
373 11715
374 11725
375 11735
376 11745
377 11755
378 11765
379 11775
380 11785
381 11795
382 11805
383 11815
384 11825
385 11835
386 11845
387 11855
388 11865
389 11875
390 11885
391 11895
392 11905
393 11915
394 11925
395 11935
396 11945
397 11955
398 11965
399 11975
400 11985
401 11995
402 12005
403 12015
404 12025
405 12035
406 12045
407 12055
408 12065
409 12075
410 12085
411 12095
412 12105
413 12115
414 12125
415 12135
416 12145
417 12155
418 12165
419 12175
420 12185
421 12195
422 12205
423 12215
424 12225
425 12235
426 12245
427 12255
428 12265
429 12275
430 12285
431 12295
432 12305
433 12315
434 12325
435 12335
436 12345
437 12355
438 12365
439 12375
440 12385
441 12395
442 12405
443 12415
444 12425
445 12435
446 12445
447 12455
448 12465
449 12475
450 12485
451 12495
452 12505
453 12515
454 12525
455 12535
456 12545
457 12555
458 12565
459 12575
460 12585
461 12595
462 12605
463 12615
464 12625
465 12635
466 12645
467 12655
468 12665
469 12675
470 12685
471 12695
472 12705
473 12715
474 12725
475 12735
476 12745
477 12755
478 12765
479 12775
480 12785
481 12795
482 12805
483 12815
484 12825
485 12835
486 12845
487 12855
488 12865
489 12875
490 12885
491 12895
492 12905
493 12915
494 12925
495 12935
496 12945
497 12955
498 12965
499 12975
500 12985
501 12995
502 13005
503 13015
504 13025
505 13035
506 13045
507 13055
508 13065
509 13075
510 13085
511 13095
512 13105
513 13115
514 13125
515 13135
516 13145
517 13155
518 13165
519 13175
520 13185
521 13195
522 13205
523 13215
524 13225
525 13235
526 13245
527 13255
528 13265
529 13275
530 13285
531 13295
532 13305
533 13315
534 13325
535 13335
536 13345
537 13355
538 13365
539 13375
540 13385
541 13395
542 13405
543 13415
544 13425
545 13435
546 13445
547 13455
548 13465
549 13475
550 13485
551 13495
552 13505
553 13515
554 13525
555 13535
556 13545
557 13555
558 13565
559 13575
560 13585
561 13595
562 13605
563 13615
564 13625
565 13635
566 13645
567 13655
568 13665
569 13675
570 13685
571 13695
572 13705
573 13715
574 13725
575 13735
576 13745
577 13755
578 13765
579 13775
580 13785
581 13795
582 13805
583 13815
584 13825
585 13835
586 13845
587 13855
588 13865
589 13875
590 13885
591 13895
592 13905
593 13915
594 13925
595 13935
596 13945
597 13955
598 13965
599 13975
600 13985
601 13995
602 14005
603 14015
604 14025
605 14035
606 14045
607 14055
608 14065
609 14075
610 14085
611 14095
612 14105
613 14115
614 14125
615 14135
616 14145
617 14155
618 14165
619 14175
620 14185
621 14195
622 14205
623 14215
624 14225
625 14235
626 14245
627 14255
628 14265
629 14275
630 14285
631 14295
632 14305
633 14315
634 14325
635 14335
636 14345
637 14355
638 14365
639 14375
640 14385
641 14395
642 14405
643 14415
644 14425
645 14435
646 14445
647 14455
648 14465
649 14475
650 14485
651 14495
652 14505
653 14515
654 14525
655 14535
656 14545
657 14555
658 14565
659 14575
660 14585
661 14595
662 14605
663 14615
664 14625
665 14635
666 14645
667 14655
668 14665
669 14675
670 14685
671 14695
672 14705
673 14715
674 14725
675 14735
676 14745
677 14755
678 14765
679 14775
680 14785
681 14795
682 14805
683 14815
684 14825
685 14835
686 14845
687 14855
688 14865
689 14875
690 14885
691 14895
692 14905
693 14915
694 14925
695 14935
696 14945
697 14955
698 14965
699 14975
700 14985
701 14995
702 15005
703 15015
704 15025
705 15035
706 15045
707 15055
708 15065
709 15075
710 15085
711 15095
712 15105
713 15115
714 15125
715 15135
716 15145
717 15155
718 15165
719 15175
720 15185
721 15195
722 15205
723 15215
724 15225
725 15235
726 15245
727 15255
728 15265
729 15275
730 15285
731 15295
732 15305
733 15315
734 15325
735 15335
736 15345
737 15355
738 15365
739 15375
740 15385
741 15395
742 15405
743 15415
744 15425
745 15435
746 15445
747 15455
748 15465
749 15475
750 15485
751 15495
752 15505
753 15515
754 15525
755 15535
756 15545
757 15555
758 15565
759 15575
760 15585
761 15595
762 15605
763 15615
764 15625
765 15635
766 15645
767 15655
768 15665
769 15675
770 15685
771 15695
772 15705
773 15715
774 15725
775 15735
776 15745
777 15755
778 15765
779 15775
780 15785
781 15795
782 15805
783 15815
784 15825
785 15835
786 15845
787 15855
788 15865
789 15875
790 15885
791 15895
792 15905
793 15915
794 15925
795 15935
796 15945
797 15955
798 15965
799 15975
800 15985
801 15995
802 16005
803 16015
804 16025
805 16035
806 16045
807 16055
808 16065
809 16075
810 16085
811 16095
812 16105
813 16115
814 16125
815 16135
816 16145
817 16155
818 16165
819 16175
820 16185
821 16195
822 16205
823 16215
824 16225
825 16235
826 16245
827 16255
828 16265
829 16275
830 16285
831 16295
832 16305
833 16315
834 16325
835 16335
836 16345
837 16355
838 16365
839 16375
840 16385
841 16395
842 16405
843 16415
844 16425
845 16435
846 16445
847 16455
848 16465
849 16475
850 16485
851 16495
852 16505
853 16515
854 16525
855 16535
856 16545
857 16555
858 16565
859 16575
860 16585
861 16595
862 16605
863 16615
864 16625
865 16635
866 16645
867 16655
868 16665
869 16675
870 16685
871 16695
872 16705
873 16715
874 16725
875 16735
876 16745
877 16755
878 16765
879 16775
880 16785
881 16795
882 16805
883 16815
884 16825
885 16835
886 16845
887 16855
888 16865
889 16875
890 16885
891 16895
892 16905
893 16915
894 16925
895 16935
896 16945
897 16955
898 16965
899 16975
900 16985
901 16995
902 17005
903 17015
904 17025
905 17035
906 17045
907 17055
908 17065
909 17075
910 17085
911 17095
912 17105
913 17115
914 17125
915 17135
916 17145
917 17155
918 17165
919 17175
920 17185
921 17195
922 17205
923 17215
924 17225
925 17235
926 17245
927 17255
928 17265
929 17275
930 17285
931 17295
932 17305
933 17315
934 17325
935 17335
936 17345
937 17355
938 17365
939 17375
940 17385
941 17395
942 17405
943 17415
944 17425
945 17435
946 17445
947 17455
948 17465
949 17475
950 17485
951 17495
952 17505
953 17515
954 17525
955 17535
956 17545
957 17555
958 17565
959 17575
960 17585
961 17595
962 17605
963 17615
964 17625
965 17635
966 17645
967 17655
968 17665
969 17675
970 17685
971 17695
972 17705
973 17715
974 17725
975 17735
976 17745
977 17755
978 17765
979 17775
980 17785
981 17795
982 17805
983 17815
984 17825
985 17835
986 17845
987 17855
988 17865
989 17875
990 17885
991 17895
992 17905
993 17915
994 17925
995 17935
996 17945
997 17955
998 17965
999 17975
1000 17985
1001 17995
1002 18005
1003 18015
1004 18025
1005 18035
1006 18045
1007 18055
1008 18065
1009 18075
1010 18085
1011 18095
1012 18105
1013 18115
1014 18125
1015 18135
1016 18145
1017 18155
1018 18165
1019 18175
1020 18185
1021 18195
1022 18205
1023 18215
1024 18225
1025 18235
1026 18245
1027 18255
1028 18265
1029 18275
1030 18285
1031 18295
1032 18305
1033 18315
1034 18325
1035 18335
1036 18345
1037 18355
1038 18365
1039 18375
1040 18385
1041 18395
1042 18405
1043 18415
1044 18425
1045 18435
1046 18445
1047 18455
1048 18465
1049 18475
1050 18485
1051 18495
1052 18505
1053 18515
1054 18525
1055 18535
1056 18545
1057 18555
1058 18565
1059 18575
1060 18585
1061 18595
1062 18605
1063 18615
1064 18625
1065 18635
1066 18645
1067 18655
1068 18665
1069 18675
1070 18685
1071 18695
1072 18705
1073 18715
1074 18725
1075 18735
1076 18745
1077 18755
1078 18765
1079 18775
1080 18785
1081 18795
1082 18805
1083 18815
1084 18825
1085 18835
1086 18845
1087 18855
1088 18865
1089 18875
1090 18885
1091 18895
1092 18905
1093 18915
1094 18925
1095 18935
1096 18945
1097 18955
1098 18965
1099 18975
1100 18985
1101 18995
1102 19005
1103 19015
1104 19025
1105 19035
1106 19045
1107 19055
1108 19065
1109 19075
1110 19085
1111 19095
1112 19105
1113 19115
1114 19125
1115 19135
1116 19145
1117 19155
1118 19165
1119 19175
1120 19185
1121 19195
1122 19205
1123 19215
1124 19225
1125 19235
1126 19245
1127 19255
1128 19265
1129 19275
1130 19285
1131 19295
1132 19305
1133 19315
1134 19325
1135 19335
1136 19345
1137 19355
1138 19365
1139 19375
1140 19385
1141 19395
1142 19405
1143 19415
1144 19425
1145 19435
1146 19445
1147 19455
1148 19465
1149 19475
1150 19485
1151 19495
1152 19505
1153 19515
1154 19525
1155 19535
1156 19545
1157 19555
1158 19565
1159 19575
1160 19585
1161 19595
1162 19605
1163 19615
1164 19625
1165 19635
1166 19645
1167 19655
1168 19665
1169 19675
1170 19685
1171 19695
1172 19705
1173 19715
1174 19725
1175 19735
1176 19745
1177 19755
1178 19765
1179 19775
1180 19785
1181 19795
1182 19805
1183 19815
1184 19825
1185 19835
1186 19845
1187 19855
1188 19865
1189 19875
1190 19885
1191 19895
1192 19905
1193 19915
1194 19925
1195 19935
1196 19945
1197 19955
1198 19965
1199 19975
1200 19985
1201 19995
1202 20005
1203 20015
1204 20025
1205 20035
1206 20045
1207 20055
1208 20065
1209 20075
1210 20085
1211 20095
1212 20105
1213 20115
1214 20125
1215 20135
1216 20145
1217 20155
1218 20165
1219 20175
1220 20185
1221 20195
1222 20205
1223 20215
1224 20225
1225 20235
1226 20245
1227 20255
1228 20265
1229 20275
1230 20285
1231 20295
1232 20305
1233 20315
1234 20325
1235 20335
1236 20345
1237 20355
1238 20365
1239 20375
1240 20385
1241 20395
1242 20405
1243 20415
1244 20425
1245 20435
1246 20445
1247 20455
1248 20465
1249 20475
1250 20485
1251 20495
1252 20505
1253 20515
1254 20525
1255 20535
1256 20545
1257 20555
1258 20565
1259 20575
1260 20585
1261 20595
1262 20605
1263 20615
1264 20625
1265 20635
1266 20645
1267 20655
1268 20665
1269 20675
1270 20685
1271 20695
1272 20705
1273 20715
1274 20725
1275 20735
1276 20745
1277 20755
1278 20765
1279 20775
1280 20785
1281 20795
1282 20805
1283 20815
1284 20825
1285 20835
1286 20845
1287 20855
1288 20865
1289 20875
1290 20885
1291 20895
1292 20905
1293 20915
1294 20925
1295 20935
1296 20945
1297 20955
1298 20965
1299 20975
1300 20985
1301 20995
1302 21005
1303 21015
1304 21025
1305 21035
1306 21045
1307 21055
1308 21065
1309 21075
1310 21085
1311 21095
1312 21105
1313 21115
1314 21125
1315 21135
1316 21145
1317 21155
1318 21165
1319 21175
1320 21185
1321 21195
1322 21205
1323 21215
1324 21225
1325 21235
1326 21245
1327 21255
1328 21265
1329 21275
1330 21285
1331 21295
1332 21305
1333 21315
1334 21325
1335 21335
1336 21345
1337 21355
1338 21365
1339 21375
1340 21385
1341 21395
1342 21405
1343 21415
1344 21425
1345 21435
1346 21445
1347 21455
1348 21465
1349 21475
1350 21485
1351 21495
1352 21505
1353 21515
1354 21525
1355 21535
1356 21545
1357 21555
1358 21565
1359 21575
1360 21585
1361 21595
1362 21605
1363 21615
1364 21625
1365 21635
1366 21645
1367 21655
1368 21665
1369 21675
1370 21685
1371 21695
1372 21705
1373 21715
1374 21725
1375 21735
1376 21745
1377 21755
1378 21765
1379 21775
1380 21785
1381 21795
1382 21805
1383 21815
1384 21825
1385 21835
1386 21845
1387 21855
1388 21865
1389 21875
1390 21885
1391 21895
1392 21905
1393 21915
1394 21925
1395 21935
1396 21945
1397 21955
1398 21965
1399 21975
1400 21985
1401 21995
1402 22005
1403 22015
1404 22025
1405 22035
1406 22045
1407 22055
1408 22065
1409 22075
1410 22085
1411 22095
1412 22105
1413 22115
1414 22125
1415 22135
1416 22145
1417 22155
1418 22165
1419 22175
1420 22185
1421 22195
1422 22205
1423 22215
1424 22225
1425 22235
1426 22245
1427 22255
1428 22265
1429 22275
1430 22285
1431 22295
1432 22305
1433 22315
1434 22325
1435 22335
1436 22345
1437 22355
1438 22365
1439 22375
1440 22385
1441 22395
1442 22405
1443 22415
1444 22425
1445 22435
1446 22445
1447 22455
1448 22465
1449 22475
1450 22485
1451 22495
1452 22505
1453 22515
1454 22525
1455 22535
1456 22545
1457 22555
1458 22565
1459 22575
1460 22585
1461 22595
1462 22605
1463 22615
1464 22625
1465 22635
1466 22645
1467 22655
1468 22665
1469 22675
1470 22685
1471 22695
1472 22705
1473 22715
1474 22725
1475 22735
1476 22745
1477 22755
1478 22765
1479 22775
1480 22785
1481 22795
1482 22805
1483 22815
1484 22825
1485 22835
1486 22845
1487 22855
1488 22865
1489 22875
1490 22885
1491 22895
1492 22905
1493 22915
1494 22925
1495 22935
1496 22945
1497 22955
1498 22965
1499 22975
1500 22985
1501 22995
1502 23005
1503 23015
1504 23025
1505 23035
1506 23045
1507 23055
1508 23065
1509 23075
1510 23085
1511 23095
1512 23105
1513 23115
1514 23125
1515 23135
1516 23145
1517 23155
1518 23165
1519 23175
1520 23185
1521 23195
1522 23205
1523 23215
1524 23225
1525 23235
1526 23245
1527 23255
1528 23265
1529 23275
1530 23285
1531 23295
1532 23305
1533 23315
1534 23325
1535 23335
1536 23345
1537 23355
1538 23365
1539 23375
1540 23385
1541 23395
1542 23405
1543 23415
1544 23425
1545 23435
1546 23445
1547 23455
1548 23465
1549 23475
1550 23485
1551 23495
1552 23505
1553 23515
1554 23525
1555 23535
1556 23545
1557 23555
1558 23565
1559 23575
1560 23585
1561 23595
1562 23605
1563 23615
1564 23625
1565 23635
1566 23645
1567 23655
1568 23665
1569 23675
1570 23685
1571 23695
1572 23705
1573 23715
1574 23725
1575 23735
1576 23745
1577 23755
1578 23765
1579 23775
1580 23785
1581 23795
1582 23805
1583 23815
1584 23825
1585 23835
1586 23845
1587 23855
1588 23865
1589 23875
1590 23885
1591 23895
1592 23905
1593 23915
1594 23925
1595 23935
1596 23945
1597 23955
1598 23965
1599 23975
1600 23985
1601 23995
1602 24005
1603 24015
1604 24025
1605 24035
1606 24045
1607 24055
1608 24065
1609 24075
1610 24085
1611 24095
1612 24105
1613 24115
1614 24125
1615 24135
1616 24145
1617 24155
1618 24165
1619 24175
1620 24185
1621 24195
1622 24205
1623 24215
1624 24225
1625 24235
1626 24245
1627 24255
1628 24265
1629 24275
1630 24285
1631 24295
1632 24305
1633 24315
1634 24325
1635 24335
1636 24345
1637 24355
1638 24365
1639 24375
1640 24385
1641 24395
1642 24405
1643 24415
1644 24425
1645 24435
1646 24445
1647 24455
1648 24465
1649 24475
1650 24485
1651 24495
1652 24505
1653 24515
1654 24525
1655 24535
1656 24545
1657 24555
1658 24565
1659 24575
1660 24585
1661 24595
1662 24605
1663 24615
1664 24625
1665 24635
1666 24645
1667 24655
1668 24665
1669 24675
1670 24685
1671 24695
1672 24705
1673 24715
1674 24725
1675 24735
1676 24745
1677 24755
1678 24765
1679 24775
1680 24785
1681 24795
1682 24805
1683 24815
1684 24825
1685 24835
1686 24845
1687 24855
1688 24865
1689 24875
1690 24885
1691 24895
1692 24905
1693 24915
1694 24925
1695 24935
1696 24945
1697 24955
1698 24965
1699 24975
1700 24985
1701 24995
1702 25005
1703 25015
1704 25025
1705 25035
1706 25045
1707 25055
1708 25065
1709 25075
1710 25085
1711 25095
1712 25105
1713 25115
1714 25125
1715 25135
1716 25145
1717 25155
1718 25165
1719 25175
1720 25185
1721 25195
1722 25205
1723 25215
1724 25225
1725 25235
1726 25245
1727 25255
1728 25265
1729 25275
1730 25285
1731 25295
1732 25305
1733 25315
1734 25325
1735 25335
1736 25345
1737 25355
1738 25365
1739 25375
1740 25385
1741 25395
1742 25405
1743 25415
1744 25425
1745 25435
1746 25445
1747 25455
1748 25465
1749 25475
1750 25485
1751 25495
1752 25505
1753 25515
1754 25525
1755 25535
1756 25545
1757 25555
1758 25565
1759 25575
1760 25585
1761 25595
1762 25605
1763 25615
1764 25625
1765 25635
1766 25645
1767 25655
1768 25665
1769 25675
1770 25685
1771 25695
1772 25705
1773 25715
1774 25725
1775 25735
1776 25745
1777 25755
1778 25765
1779 25775
1780 25785
1781 25795
1782 25805
1783 25815
1784 25825
1785 25835
1786 25845
1787 25855
1788 25865
1789 25875
1790 25885
1791 25895
1792 25905
1793 25915
1794 25925
1795 25935
1796 25945
1797 25955
1798 25965
1799 25975
1800 25985
1801 25995
1802 26005
1803 26015
1804 26025
1805 26035
1806 26045
1807 26055
1808 26065
1809 26075
1810 26085
1811 26095
1812 26105
1813 26115
1814 26125
1815 26135
1816 26145
1817 26155
1818 26165
1819 26175
1820 26185
1821 26195
1822 26205
1823 26215
1824 26225
1825 26235
1826 26245
1827 26255
1828 26265
1829 26275
1830 26285
1831 26295
1832 26305
1833 26315
1834 26325
1835 26335
1836 26345
1837 26355
1838 26365
1839 26375
1840 26385
1841 26395
1842 26405
1843 26415
1844 26425
1845 26435
1846 26445
1847 26455
1848 26465
1849 26475
1850 26485
1851 26495
1852 26505
1853 26515
1854 26525
1855 26535
1856 26545
1857 26555
1858 26565
1859 26575
1860 26585
1861 26595
1862 26605
1863 26615
1864 26625
1865 26635
1866 26645
1867 26655
1868 26665
1869 26675
1870 26685
1871 26695
1872 26705
1873 26715
1874 26725
1875 26735
1876 26745
1877 26755
1878 26765
1879 26775
1880 26785
1881 26795
1882 26805
1883 26815
1884 26825
1885 26835
1886 26845
1887 26855
1888 26865
1889 26875
1890 26885
1891 26895
1892 26905
1893 26915
1894 26925
1895 26935
1896 26945
1897 26955
1898 26965
1899 26975
1900 26985
1901 26995
1902 27005
1903 27015
1904 27025
1905 27035
1906 27045
1907 27055
1908 27065
1909 27075
1910 27085
1911 27095
1912 27105
1913 27115
1914 27125
1915 27135
1916 27145
1917 27155
1918 27165
1919 27175
1920 27185
1921 27195
1922 27205
1923 27215
1924 27225
1925 27235
1926 27245
1927 27255
1928 27265
1929 27275
1930 27285
1931 27295
1932 27305
1933 27315
1934 27325
1935 27335
1936 27345
1937 27355
1938 27365
1939 27375
1940 27385
1941 27395
1942 27405
1943 27415
1944 27425
1945 27435
1946 27445
1947 27455
1948 27465
1949 27475
1950 27485
1951 27495
1952 27505
1953 27515
1954 27525
1955 27535
1956 27545
1957 27555
1958 27565
1959 27575
1960 27585
1961 27595
1962 27605
1963 27615
1964 27625
1965 27635
1966 27645
1967 27655
1968 27665
1969 27675
1970 27685
1971 27695
1972 27705
1973 27715
1974 27725
1975 27735
1976 27745
1977 27755
1978 27765
1979 27775
1980 27785
1981 27795
1982 27805
1983 27815
1984 27825
1985 27835
1986 27845
1987 27855
1988 27865
1989 27875
1990 27885
1991 27895
1992 27905
1993 27915
1994 27925
1995 27935
1996 27945
1997 27955
1998 27965
1999 27975
2000 27985
2001 27995
2002 28005
2003 28015
2004 28025
2005 28035
2006 28045
2007 28055
2008 28065
2009 28075
2010 28085
2011 28095
2012 28105
2013 28115
2014 28125
2015 28135
2016 28145
2017 28155
2018 28165
2019 28175
2020 28185
2021 28195
2022 28205
2023 28215
2024 28225
2025 28235
2026 28245
2027 28255
2028 28265
2029 28275
2030 28285
2031 28295
2032 28305
2033 28315
2034 28325
2035 28335
2036 28345
2037 28355
2038 28365
2039 28375
2040 28385
2041 28395
2042 28405
2043 28415
2044 28425
2045 28435
2046 28445
2047 28455
2048 28465
2049 28475
2050 28485
2051 28495
2052 28505
2053 28515
2054 28525
2055 28535
2056 28545
2057 28555
2058 28565
2059 28575
2060 28585
2061 28595
2062 28605
2063 28615
2064 28625
2065 28635
2066 28645
2067 28655
2068 28665
2069 28675
2070 28685
2071 28695
2072 28705
2073 28715
2074 28725
2075 28735
2076 28745
2077 28755
2078 28765
2079 28775
2080 28785
2081 28795
2082 28805
2083 28815
2084 28825
2085 28835
2086 28845
2087 28855
2088 28865
2089 28875
2090 28885
2091 28895
2092 28905
2093 28915
2094 28925
2095 28935
2096 28945
2097 28955
2098 28965
2099 28975
2100 28985
2101 28995
2102 29005
2103 29015
2104 29025
2105 29035
2106 29045
2107 29055
2108 29065
2109 29075
2110 29085
2111 29095
2112 29105
2113 29115
2114 29125
2115 29135
2116 29145
2117 29155
2118 29165
2119 29175
2120 29185
2121 29195
2122 29205
2123 29215
2124 29225
2125 29235
2126 29245
2127 29255
2128 29265
2129 29275
2130 29285
2131 29295
2132 29305
2133 29315
2134 29325
2135 29335
2136 29345
2137 29355
2138 29365
2139 29375
2140 29385
2141 29395
2142 29405
2143 29415
2144 29425
2145 29435
2146 29445
2147 29455
2148 29465
2149 29475
2150 29485
2151 29495
2152 29505
2153 29515
2154 29525
2155 29535
2156 29545
2157 29555
2158 29565
2159 29575
2160 29585
2161 29595
2162 29605
2163 29615
2164 29625
2165 29635
2166 29645
2167 29655
2168 29665
2169 29675
2170 29685
2171 29695
2172 29705
2173 29715
2174 29725
2175 29735
2176 29745
2177 29755
2178 29765
2179 29775
2180 29785
2181 29795
2182 29805
2183 29815
2184 29825
2185 29835
2186 29845
2187 29855
2188 29865
2189 29875
2190 29885
2191 29895
2192 29905
2193 29915
2194 29925
2195 29935
2196 29945
2197 29955
2198 29965
2199 29975
2200 29985
2201 29995
2202 30005
2203 30015
2204 30025
2205 30035
2206 30045
2207 30055
2208 30065
2209 30075
2210 30085
2211 30095
2212 30105
2213 30115
2214 30125
2215 30135
2216 30145
2217 30155
2218 30165
2219 30175
2220 30185
2221 30195
2222 30205
2223 30215
2224 30225
2225 30235
2226 30245
2227 30255
2228 30265
2229 30275
2230 30285
2231 30295
2232 30305
2233 30315
2234 30325
2235 30335
2236 30345
2237 30355
2238 30365
2239 30375
2240 30385
2241 30395
2242 30405
2243 30415
2244 30425
2245 30435
2246 30445
2247 30455
2248 30465
2249 30475
2250 30485
2251 30495
2252 30505
2253 30515
2254 30525
2255 30535
2256 30545
2257 30555
2258 30565
2259 30575
2260 30585
2261 30595
2262 30605
2263 30615
2264 30625
2265 30635
2266 30645
2267 30655
2268 30665
2269 30675
2270 30685
2271 30695
2272 30705
2273 30715
2274 30725
2275 30735
2276 30745
2277 30755
2278 30765
2279 30775
2280 30785
2281 30795
2282 30805
2283 30815
2284 30825
2285 30835
2286 30845
2287 30855
2288 30865
2289 30875
2290 30885
2291 30895
2292 30905
2293 30915
2294 30925
2295 30935
2296 30945
2297 30955
2298 30965
2299 30975
2300 30985
2301 30995
2302 31005
2303 31015
2304 31025
2305 31035
2306 31045
2307 31055
2308 31065
2309 31075
2310 31085
2311 31095
2312 31105
2313 31115
2314 31125
2315 31135
2316 31145
2317 31155
2318 31165
2319 31175
2320 31185
2321 31195
2322 31205
2323 31215
2324 31225
2325 31235
2326 31245
2327 31255
2328 31265
2329 31275
2330 31285
2331 31295
2332 31305
2333 31315
2334 31325
2335 31335
2336 31345
2337 31355
2338 31365
2339 31375
2340 31385
2341 31395
2342 31405
2343 31415
2344 31425
2345 31435
2346 31445
2347 31455
2348 31465
2349 31475
2350 31485
2351 31495
2352 31505
2353 31515
2354 31525
2355 31535
2356 31545
2357 31555
2358 31565
2359 31575
2360 31585
2361 31595
2362 31605
2363 31615
2364 31625
2365 31635
2366 31645
2367 31655
2368 31665
2369 31675
2370 31685
2371 31695
2372 31705
2373 31715
2374 31725
2375 31735
2376 31745
2377 31755
2378 31765
2379 31775
2380 31785
2381 31795
2382 31805
2383 31815
2384 31825
2385 31835
2386 31845
2387 31855
2388 31865
2389 31875
2390 31885
2391 31895
2392 31905
2393 31915
2394 31925
2395 31935
2396 31945
2397 31955
2398 31965
2399 31975
2400 31985
2401 31995
2402 32005
2403 32015
2404 32025
2405 32035
2406 32045
2407 32055
2408 32065
2409 32075
2410 32085
2411 32095
2412 32105
2413 32115
2414 32125
2415 32135
2416 32145
2417 32155
2418 32165
2419 32175
2420 32185
2421 32195
2422 32205
2423 32215
2424 32225
2425 32235
2426 32245
2427 32255
2428 32265
2429 32275
2430 32285
2431 32295
2432 32305
2433 32315
2434 32325
2435 32335
2436 32345
2437 32355
2438 32365
2439 32375
2440 32385
2441 32395
2442 32405
2443 32415
2444 32425
2445 32435
2446 32445
2447 32455
2448 32465
2449 32475
2450 32485
2451 32495
2452 32505
2453 32515
2454 32525
2455 32535
2456 32545
2457 32555
2458 32565
2459 32575
2460 32585
2461 32595
2462 32605
2463 32615
2464 32625
2465 32635
2466 32645
2467 32655
2468 32665
2469 32675
2470 32685
2471 32695
2472 32705
2473 32715
2474 32725
2475 32735
2476 32745
2477 32755
2478 32765
2479 32775
2480 32785
2481 32795
2482 32805
2483 32815
2484 32825
2485 32835
2486 32845
2487 32855
2488 32865
2489 32875
2490 32885
2491 32895
2492 32905
2493 32915
2494 32925
2495 32935
2496 32945
2497 32955
2498 32965
2499 32975
2500 32985
2501 32995
2502 33005
2503 33015
2504 33025
2505 33035
2506 33045
2507 33055
2508 33065
2509 33075
2510 33085
2511 33095
2512 33105
2513 33115
2514 33125
2515 33135
2516 33145
2517 33155
2518 33165
2519 33175
2520 33185
2521 33195
2522 33205
2523 33215
2524 33225
2525 33235
2526 33245
2527 33255
2528 33265
2529 33275
2530 33285
2531 33295
2532 33305
2533 33315
2534 33325
2535 33335
2536 33345
2537 33355
2538 33365
2539 33375
2540 33385
2541 33395
2542 33405
2543 33415
2544 33425
2545 33435
2546 33445
2547 33455
2548 33465
2549 33475
2550 33485
2551 33495
2552 33505
2553 33515
2554 33525
2555 33535
2556 33545
2557 33555
2558 33565
2559 33575
2560 33585
2561 33595
2562 33605
2563 33615
2564 33625
2565 33635
2566 33645
2567 33655
2568 33665
2569 33675
2570 33685
2571 33695
2572 33705
2573 33715
2574 33725
2575 33735
2576 33745
2577 33755
2578 33765
2579 33775
2580 33785
2581 33795
2582 33805
2583 33815
2584 33825
2585 33835
2586 33845
2587 33855
2588 33865
2589 33875
2590 33885
2591 33895
2592 33905
2593 33915
2594 33925
2595 33935
2596 33945
2597 33955
2598 33965
2599 33975
2600 33985
2601 33995
2602 34005
2603 34015
2604 34025
2605 34035
2606 34045
2607 34055
2608 34065
2609 34075
2610 34085
2611 34095
2612 34105
2613 34115
2614 34125
2615 34135
2616 34145
2617 34155
2618 34165
2619 34175
2620 34185
2621 34195
2622 34205
2623 34215
2624 34225
2625 34235
2626 34245
2627 34255
2628 34265
2629 34275
2630 34285
2631 34295
2632 34305
2633 34315
2634 34325
2635 34335
2636 34345
2637 34355
2638 34365
2639 34375
2640 34385
2641 34395
2642 34405
2643 34415
2644 34425
2645 34435
2646 34445
2647 34455
2648 34465
2649 34475
2650 34485
2651 34495
2652 34505
2653 34515
2654 34525
2655 34535
2656 34545
2657 34555
2658 34565
2659 34575
2660 34585
2661 34595
2662 34605
2663 34615
2664 34625
2665 34635
2666 34645
2667 34655
2668 34665
2669 34675
2670 34685
2671 34695
2672 34705
2673 34715
2674 34725
2675 34735
2676 34745
2677 34755
2678 34765
2679 34775
2680 34785
2681 34795
2682 34805
2683 34815
2684 34825
2685 34835
2686 34845
2687 34855
2688 34865
2689 34875
2690 34885
2691 34895
2692 34905
2693 34915
2694 34925
2695 34935
2696 34945
2697 34955
2698 34965
2699 34975
2700 34985
2701 34995
2702 35005
2703 35015
2704 35025
2705 35035
2706 35045
2707 35055
2708 35065
2709 35075
2710 35085
2711 35095
2712 35105
2713 35115
2714 35125
2715 35135
2716 35145
2717 35155
2718 35165
2719 35175
2720 35185
2721 35195
2722 35205
2723 35215
2724 35225
2725 35235
2726 35245
2727 35255
2728 35265
2729 35275
2730 35285
2731 35295
2732 35305
2733 35315
2734 35325
2735 35335
2736 35345
2737 35355
2738 35365
2739 35375
2740 35385
2741 35395
2742 35405
2743 35415
2744 35425
2745 35435
2746 35445
2747 35455
2748 35465
2749 35475
2750 35485
2751 35495
2752 35505
2753 35515
2754 35525
2755 35535
2756 35545
2757 35555
2758 35565
2759 35575
2760 35585
2761 35595
2762 35605
2763 35615
2764 35625
2765 35635
2766 35645
2767 35655
2768 35665
2769 35675
2770 35685
2771 35695
2772 35705
2773 35715
2774 35725
2775 35735
2776 35745
2777 35755
2778 35765
2779 35775
2780 35785
2781 35795
2782 35805
2783 35815
2784 35825
2785 35835
2786 35845
2787 35855
2788 35865
2789 35875
2790 35885
2791 35895
2792 35905
2793 35915
2794 35925
2795 35935
2796 35945
2797 35955
2798 35965
2799 35975
2800 35985
2801 35995
2802 36005
2803 36015
2804 36025
2805 36035
2806 36045
2807 36055
2808 36065
2809 36075
2810 36085
2811 36095
2812 36105
2813 36115
2814 36125
2815 36135
2816 36145
2817 36155
2818 36165
2819 36175
2820 36185
2821 36195
2822 36205
2823 36215
2824 36225
2825 36235
2826 36245
2827 36255
2828 36265
2829 36275
2830 36285
2831 36295
2832 36305
2833 36315
2834 36325
2835 36335
2836 36345
2837 36355
2838 36365
2839 36375
